{
 "cells": [
  {
   "cell_type": "markdown",
   "metadata": {},
   "source": [
    "HILL CLIMB"
   ]
  },
  {
   "cell_type": "code",
   "execution_count": 1,
   "metadata": {},
   "outputs": [
    {
     "name": "stdout",
     "output_type": "stream",
     "text": [
      "Cost matrix:\n",
      "[[ 0.          2.          4.12310563  6.08276253  7.07106781 12.20655562\n",
      "  25.05992817 19.79898987 19.23538406 17.11724277 28.28427125]\n",
      " [ 2.          0.          2.23606798  6.08276253  7.61577311 10.63014581\n",
      "  23.32380758 18.43908891 19.02629759 17.         26.90724809]\n",
      " [ 4.12310563  2.23606798  0.          5.83095189  7.81024968  8.48528137\n",
      "  21.09502311 16.40121947 18.02775638 16.1245155  24.8394847 ]\n",
      " [ 6.08276253  6.08276253  5.83095189  0.          2.23606798  9.05538514\n",
      "  21.84032967 15.26433752 13.15294644 11.04536102 23.60084744]\n",
      " [ 7.07106781  7.61577311  7.81024968  2.23606798  0.         11.\n",
      "  23.53720459 16.55294536 12.64911064 10.44030651 24.69817807]\n",
      " [12.20655562 10.63014581  8.48528137  9.05538514 11.          0.\n",
      "  13.          8.06225775 13.89244399 12.80624847 16.40121947]\n",
      " [25.05992817 23.32380758 21.09502311 21.84032967 23.53720459 13.\n",
      "   0.          8.24621125 20.24845673 20.61552813  8.24621125]\n",
      " [19.79898987 18.43908891 16.40121947 15.26433752 16.55294536  8.06225775\n",
      "   8.24621125  0.         12.08304597 12.36931688  8.48528137]\n",
      " [19.23538406 19.02629759 18.02775638 13.15294644 12.64911064 13.89244399\n",
      "  20.24845673 12.08304597  0.          2.23606798 17.02938637]\n",
      " [17.11724277 17.         16.1245155  11.04536102 10.44030651 12.80624847\n",
      "  20.61552813 12.36931688  2.23606798  0.         18.24828759]\n",
      " [28.28427125 26.90724809 24.8394847  23.60084744 24.69817807 16.40121947\n",
      "   8.24621125  8.48528137 17.02938637 18.24828759  0.        ]]\n",
      "Shuffled Points:  [6, 1, 5, 9, 7, 3, 4, 2, 0, 8, 10]\n",
      "Final path length: 75.3006209626423\n",
      "The solution is: [6, 7, 5, 2, 1, 0, 3, 4, 9, 8, 10]\n"
     ]
    }
   ],
   "source": [
    "import numpy as np\n",
    "import random\n",
    "\n",
    "def generate_matrix(coordinate):\n",
    "    num_cities = len(coordinate)\n",
    "    matrix = np.zeros((num_cities, num_cities))\n",
    "    for i in range(num_cities):\n",
    "        for j in range(i + 1, num_cities):\n",
    "            distance = np.linalg.norm(coordinate[i] - coordinate[j])\n",
    "            matrix[i][j] = matrix[j][i] = distance\n",
    "    print(\"Cost matrix:\")\n",
    "    print(matrix)\n",
    "    return matrix\n",
    "\n",
    "def solution(matrix):\n",
    "    points = list(range(len(matrix)))\n",
    "    random.shuffle(points)\n",
    "    print(\"Shuffled Points: \", points)\n",
    "    return points\n",
    "\n",
    "def path_length(matrix, solution):\n",
    "    cycle_length = sum(matrix[solution[i]][solution[i - 1]] for i in range(len(solution)))\n",
    "    return cycle_length\n",
    "\n",
    "def generate_neighbors(solution):\n",
    "    neighbors = []\n",
    "    for i in range(len(solution)):\n",
    "        for j in range(i + 1, len(solution)):\n",
    "            neighbor = solution[:]\n",
    "            neighbor[i], neighbor[j] = neighbor[j], neighbor[i]\n",
    "            neighbors.append(neighbor)\n",
    "    return neighbors\n",
    "\n",
    "def best_neighbor(matrix, neighbors):\n",
    "    best_path = path_length(matrix, neighbors[0])\n",
    "    best_neighbor = neighbors[0]\n",
    "    for neighbor in neighbors[1:]:\n",
    "        current_path = path_length(matrix, neighbor)\n",
    "        if current_path < best_path:\n",
    "            best_path = current_path\n",
    "            best_neighbor = neighbor\n",
    "    return best_neighbor, best_path\n",
    "\n",
    "def hill_climbing(coordinate):\n",
    "    matrix = generate_matrix(coordinate)\n",
    "    current_solution = solution(matrix)\n",
    "    current_path = path_length(matrix, current_solution)\n",
    "    \n",
    "    while True:\n",
    "        neighbors = generate_neighbors(current_solution)\n",
    "        best_neighbor_solution, best_neighbor_path = best_neighbor(matrix, neighbors)\n",
    "        if best_neighbor_path < current_path:\n",
    "            current_solution = best_neighbor_solution\n",
    "            current_path = best_neighbor_path\n",
    "        else:\n",
    "            break\n",
    "    \n",
    "    return current_solution, current_path\n",
    "\n",
    "coordinate = np.array([[1, 2], [1, 4], [2, 6], [7, 3], [8, 1], [8, 12], [13, 24], [15, 16], [20, 5], [18, 4], [21, 22]])\n",
    "final_solution = hill_climbing(coordinate)\n",
    "\n",
    "print(\"Final path length:\", final_solution[1])\n",
    "print(\"The solution is:\", final_solution[0])\n"
   ]
  },
  {
   "cell_type": "markdown",
   "metadata": {},
   "source": [
    "STOCHASTIC HILL CLIMB"
   ]
  },
  {
   "cell_type": "code",
   "execution_count": 2,
   "metadata": {},
   "outputs": [
    {
     "name": "stdout",
     "output_type": "stream",
     "text": [
      "Cost matrix:\n",
      "[[ 0.          2.          4.12310563  6.08276253  7.07106781 12.20655562\n",
      "  25.05992817 19.79898987 19.23538406 17.11724277 28.28427125]\n",
      " [ 2.          0.          2.23606798  6.08276253  7.61577311 10.63014581\n",
      "  23.32380758 18.43908891 19.02629759 17.         26.90724809]\n",
      " [ 4.12310563  2.23606798  0.          5.83095189  7.81024968  8.48528137\n",
      "  21.09502311 16.40121947 18.02775638 16.1245155  24.8394847 ]\n",
      " [ 6.08276253  6.08276253  5.83095189  0.          2.23606798  9.05538514\n",
      "  21.84032967 15.26433752 13.15294644 11.04536102 23.60084744]\n",
      " [ 7.07106781  7.61577311  7.81024968  2.23606798  0.         11.\n",
      "  23.53720459 16.55294536 12.64911064 10.44030651 24.69817807]\n",
      " [12.20655562 10.63014581  8.48528137  9.05538514 11.          0.\n",
      "  13.          8.06225775 13.89244399 12.80624847 16.40121947]\n",
      " [25.05992817 23.32380758 21.09502311 21.84032967 23.53720459 13.\n",
      "   0.          8.24621125 20.24845673 20.61552813  8.24621125]\n",
      " [19.79898987 18.43908891 16.40121947 15.26433752 16.55294536  8.06225775\n",
      "   8.24621125  0.         12.08304597 12.36931688  8.48528137]\n",
      " [19.23538406 19.02629759 18.02775638 13.15294644 12.64911064 13.89244399\n",
      "  20.24845673 12.08304597  0.          2.23606798 17.02938637]\n",
      " [17.11724277 17.         16.1245155  11.04536102 10.44030651 12.80624847\n",
      "  20.61552813 12.36931688  2.23606798  0.         18.24828759]\n",
      " [28.28427125 26.90724809 24.8394847  23.60084744 24.69817807 16.40121947\n",
      "   8.24621125  8.48528137 17.02938637 18.24828759  0.        ]]\n",
      "Shuffled Points:  [6, 3, 1, 10, 9, 5, 0, 2, 4, 7, 8]\n",
      "Final path length: 75.53109294501517\n",
      "The solution is: [7, 8, 9, 4, 3, 0, 1, 2, 5, 6, 10]\n"
     ]
    }
   ],
   "source": [
    "import numpy as np\n",
    "import random\n",
    "\n",
    "def generate_matrix(coordinate):\n",
    "    num_cities = len(coordinate)\n",
    "    matrix = np.zeros((num_cities, num_cities))\n",
    "    for i in range(num_cities):\n",
    "        for j in range(i + 1, num_cities):\n",
    "            distance = np.linalg.norm(coordinate[i] - coordinate[j])\n",
    "            matrix[i][j] = matrix[j][i] = distance\n",
    "    print(\"Cost matrix:\")\n",
    "    print(matrix)\n",
    "    return matrix\n",
    "\n",
    "def solution(matrix):\n",
    "    points = list(range(len(matrix)))\n",
    "    random.shuffle(points)\n",
    "    print(\"Shuffled Points: \", points)\n",
    "    return points\n",
    "\n",
    "def path_length(matrix, solution):\n",
    "    cycle_length = sum(matrix[solution[i]][solution[i - 1]] for i in range(len(solution)))\n",
    "    return cycle_length\n",
    "\n",
    "def generate_neighbors(solution):\n",
    "    neighbors = []\n",
    "    for i in range(len(solution)):\n",
    "        for j in range(i + 1, len(solution)):\n",
    "            neighbor = solution[:]\n",
    "            neighbor[i], neighbor[j] = neighbor[j], neighbor[i]\n",
    "            neighbors.append(neighbor)\n",
    "    return neighbors\n",
    "\n",
    "def best_neighbor(matrix, neighbors):\n",
    "    best_path = path_length(matrix, neighbors[0])\n",
    "    best_neighbor = neighbors[0]\n",
    "    for neighbor in neighbors[1:]:\n",
    "        current_path = path_length(matrix, neighbor)\n",
    "        if current_path < best_path:\n",
    "            best_path = current_path\n",
    "            best_neighbor = neighbor\n",
    "    return best_neighbor, best_path\n",
    "\n",
    "def stochastic_hill_climbing(coordinate, max_iterations=1000):\n",
    "    matrix = generate_matrix(coordinate)\n",
    "    current_solution = solution(matrix)\n",
    "    current_path = path_length(matrix, current_solution)\n",
    "    \n",
    "    iteration = 0\n",
    "    while iteration < max_iterations:\n",
    "        neighbors = generate_neighbors(current_solution)\n",
    "        best_neighbor_solution, best_neighbor_path = best_neighbor(matrix, neighbors)\n",
    "        \n",
    "        if best_neighbor_path < current_path:\n",
    "            current_solution = best_neighbor_solution\n",
    "            current_path = best_neighbor_path\n",
    "        else:\n",
    "            # Calculate acceptance probability\n",
    "            delta = best_neighbor_path - current_path\n",
    "            acceptance_prob = np.exp(-delta / (iteration + 1))  # Temperature is gradually decreased\n",
    "            if random.random() < acceptance_prob:\n",
    "                current_solution = best_neighbor_solution\n",
    "                current_path = best_neighbor_path\n",
    "        \n",
    "        iteration += 1\n",
    "    \n",
    "    return current_solution, current_path\n",
    "\n",
    "coordinate = np.array([[1, 2], [1, 4], [2, 6], [7, 3], [8, 1], [8, 12], [13, 24], [15, 16], [20, 5], [18, 4], [21, 22]])\n",
    "final_solution = stochastic_hill_climbing(coordinate)\n",
    "\n",
    "print(\"Final path length:\", final_solution[1])\n",
    "print(\"The solution is:\", final_solution[0])\n"
   ]
  },
  {
   "cell_type": "markdown",
   "metadata": {},
   "source": [
    "FIRST CHOICE HILL CLIMB"
   ]
  },
  {
   "cell_type": "code",
   "execution_count": 3,
   "metadata": {},
   "outputs": [
    {
     "name": "stdout",
     "output_type": "stream",
     "text": [
      "Cost matrix:\n",
      "[[ 0.          2.          4.12310563  6.08276253  7.07106781 12.20655562\n",
      "  25.05992817 19.79898987 19.23538406 17.11724277 28.28427125]\n",
      " [ 2.          0.          2.23606798  6.08276253  7.61577311 10.63014581\n",
      "  23.32380758 18.43908891 19.02629759 17.         26.90724809]\n",
      " [ 4.12310563  2.23606798  0.          5.83095189  7.81024968  8.48528137\n",
      "  21.09502311 16.40121947 18.02775638 16.1245155  24.8394847 ]\n",
      " [ 6.08276253  6.08276253  5.83095189  0.          2.23606798  9.05538514\n",
      "  21.84032967 15.26433752 13.15294644 11.04536102 23.60084744]\n",
      " [ 7.07106781  7.61577311  7.81024968  2.23606798  0.         11.\n",
      "  23.53720459 16.55294536 12.64911064 10.44030651 24.69817807]\n",
      " [12.20655562 10.63014581  8.48528137  9.05538514 11.          0.\n",
      "  13.          8.06225775 13.89244399 12.80624847 16.40121947]\n",
      " [25.05992817 23.32380758 21.09502311 21.84032967 23.53720459 13.\n",
      "   0.          8.24621125 20.24845673 20.61552813  8.24621125]\n",
      " [19.79898987 18.43908891 16.40121947 15.26433752 16.55294536  8.06225775\n",
      "   8.24621125  0.         12.08304597 12.36931688  8.48528137]\n",
      " [19.23538406 19.02629759 18.02775638 13.15294644 12.64911064 13.89244399\n",
      "  20.24845673 12.08304597  0.          2.23606798 17.02938637]\n",
      " [17.11724277 17.         16.1245155  11.04536102 10.44030651 12.80624847\n",
      "  20.61552813 12.36931688  2.23606798  0.         18.24828759]\n",
      " [28.28427125 26.90724809 24.8394847  23.60084744 24.69817807 16.40121947\n",
      "   8.24621125  8.48528137 17.02938637 18.24828759  0.        ]]\n",
      "Shuffled Points:  [2, 7, 0, 10, 3, 9, 8, 4, 6, 1, 5]\n",
      "Final path length: 138.06124585413764\n",
      "The solution is: [10, 7, 0, 2, 3, 9, 8, 4, 6, 1, 5]\n"
     ]
    }
   ],
   "source": [
    "import numpy as np\n",
    "import random\n",
    "\n",
    "def generate_matrix(coordinate):\n",
    "    num_cities = len(coordinate)\n",
    "    matrix = np.zeros((num_cities, num_cities))\n",
    "    for i in range(num_cities):\n",
    "        for j in range(i + 1, num_cities):\n",
    "            distance = np.linalg.norm(coordinate[i] - coordinate[j])\n",
    "            matrix[i][j] = matrix[j][i] = distance\n",
    "    print(\"Cost matrix:\")\n",
    "    print(matrix)\n",
    "    return matrix\n",
    "\n",
    "def solution(matrix):\n",
    "    points = list(range(len(matrix)))\n",
    "    random.shuffle(points)\n",
    "    print(\"Shuffled Points: \", points)\n",
    "    return points\n",
    "\n",
    "def path_length(matrix, solution):\n",
    "    cycle_length = sum(matrix[solution[i]][solution[i - 1]] for i in range(len(solution)))\n",
    "    return cycle_length\n",
    "\n",
    "def generate_neighbors(solution):\n",
    "    neighbors = []\n",
    "    for i in range(len(solution)):\n",
    "        for j in range(i + 1, len(solution)):\n",
    "            neighbor = solution[:]\n",
    "            neighbor[i], neighbor[j] = neighbor[j], neighbor[i]\n",
    "            neighbors.append(neighbor)\n",
    "    return neighbors\n",
    "\n",
    "def best_neighbor(matrix, neighbors):\n",
    "    for neighbor in neighbors:\n",
    "        current_path = path_length(matrix, neighbor)\n",
    "        if current_path < path_length(matrix, neighbors[0]):\n",
    "            return neighbor, current_path\n",
    "    return neighbors[0], path_length(matrix, neighbors[0])\n",
    "\n",
    "def first_choice_hill_climbing(coordinate, max_iterations=1000):\n",
    "    matrix = generate_matrix(coordinate)\n",
    "    current_solution = solution(matrix)\n",
    "    current_path = path_length(matrix, current_solution)\n",
    "    \n",
    "    iteration = 0\n",
    "    while iteration < max_iterations:\n",
    "        neighbors = generate_neighbors(current_solution)\n",
    "        best_neighbor_solution, best_neighbor_path = best_neighbor(matrix, neighbors)\n",
    "        \n",
    "        if best_neighbor_path < current_path:\n",
    "            return best_neighbor_solution, best_neighbor_path\n",
    "        \n",
    "        iteration += 1\n",
    "    \n",
    "    return current_solution, current_path\n",
    "\n",
    "coordinate = np.array([[1, 2], [1, 4], [2, 6], [7, 3], [8, 1], [8, 12], [13, 24], [15, 16], [20, 5], [18, 4], [21, 22]])\n",
    "final_solution = first_choice_hill_climbing(coordinate)\n",
    "\n",
    "print(\"Final path length:\", final_solution[1])\n",
    "print(\"The solution is:\", final_solution[0])\n"
   ]
  },
  {
   "cell_type": "markdown",
   "metadata": {},
   "source": [
    "RANDOM RESTART"
   ]
  },
  {
   "cell_type": "code",
   "execution_count": 4,
   "metadata": {},
   "outputs": [
    {
     "name": "stdout",
     "output_type": "stream",
     "text": [
      "Cost matrix:\n",
      "[[ 0.          2.          4.12310563  6.08276253  7.07106781 12.20655562\n",
      "  25.05992817 19.79898987 19.23538406 17.11724277 28.28427125]\n",
      " [ 2.          0.          2.23606798  6.08276253  7.61577311 10.63014581\n",
      "  23.32380758 18.43908891 19.02629759 17.         26.90724809]\n",
      " [ 4.12310563  2.23606798  0.          5.83095189  7.81024968  8.48528137\n",
      "  21.09502311 16.40121947 18.02775638 16.1245155  24.8394847 ]\n",
      " [ 6.08276253  6.08276253  5.83095189  0.          2.23606798  9.05538514\n",
      "  21.84032967 15.26433752 13.15294644 11.04536102 23.60084744]\n",
      " [ 7.07106781  7.61577311  7.81024968  2.23606798  0.         11.\n",
      "  23.53720459 16.55294536 12.64911064 10.44030651 24.69817807]\n",
      " [12.20655562 10.63014581  8.48528137  9.05538514 11.          0.\n",
      "  13.          8.06225775 13.89244399 12.80624847 16.40121947]\n",
      " [25.05992817 23.32380758 21.09502311 21.84032967 23.53720459 13.\n",
      "   0.          8.24621125 20.24845673 20.61552813  8.24621125]\n",
      " [19.79898987 18.43908891 16.40121947 15.26433752 16.55294536  8.06225775\n",
      "   8.24621125  0.         12.08304597 12.36931688  8.48528137]\n",
      " [19.23538406 19.02629759 18.02775638 13.15294644 12.64911064 13.89244399\n",
      "  20.24845673 12.08304597  0.          2.23606798 17.02938637]\n",
      " [17.11724277 17.         16.1245155  11.04536102 10.44030651 12.80624847\n",
      "  20.61552813 12.36931688  2.23606798  0.         18.24828759]\n",
      " [28.28427125 26.90724809 24.8394847  23.60084744 24.69817807 16.40121947\n",
      "   8.24621125  8.48528137 17.02938637 18.24828759  0.        ]]\n",
      "Shuffled Points:  [4, 0, 3, 9, 6, 5, 8, 2, 10, 1, 7]\n",
      "Cost matrix:\n",
      "[[ 0.          2.          4.12310563  6.08276253  7.07106781 12.20655562\n",
      "  25.05992817 19.79898987 19.23538406 17.11724277 28.28427125]\n",
      " [ 2.          0.          2.23606798  6.08276253  7.61577311 10.63014581\n",
      "  23.32380758 18.43908891 19.02629759 17.         26.90724809]\n",
      " [ 4.12310563  2.23606798  0.          5.83095189  7.81024968  8.48528137\n",
      "  21.09502311 16.40121947 18.02775638 16.1245155  24.8394847 ]\n",
      " [ 6.08276253  6.08276253  5.83095189  0.          2.23606798  9.05538514\n",
      "  21.84032967 15.26433752 13.15294644 11.04536102 23.60084744]\n",
      " [ 7.07106781  7.61577311  7.81024968  2.23606798  0.         11.\n",
      "  23.53720459 16.55294536 12.64911064 10.44030651 24.69817807]\n",
      " [12.20655562 10.63014581  8.48528137  9.05538514 11.          0.\n",
      "  13.          8.06225775 13.89244399 12.80624847 16.40121947]\n",
      " [25.05992817 23.32380758 21.09502311 21.84032967 23.53720459 13.\n",
      "   0.          8.24621125 20.24845673 20.61552813  8.24621125]\n",
      " [19.79898987 18.43908891 16.40121947 15.26433752 16.55294536  8.06225775\n",
      "   8.24621125  0.         12.08304597 12.36931688  8.48528137]\n",
      " [19.23538406 19.02629759 18.02775638 13.15294644 12.64911064 13.89244399\n",
      "  20.24845673 12.08304597  0.          2.23606798 17.02938637]\n",
      " [17.11724277 17.         16.1245155  11.04536102 10.44030651 12.80624847\n",
      "  20.61552813 12.36931688  2.23606798  0.         18.24828759]\n",
      " [28.28427125 26.90724809 24.8394847  23.60084744 24.69817807 16.40121947\n",
      "   8.24621125  8.48528137 17.02938637 18.24828759  0.        ]]\n",
      "Shuffled Points:  [8, 2, 0, 9, 5, 6, 7, 3, 4, 10, 1]\n",
      "Cost matrix:\n",
      "[[ 0.          2.          4.12310563  6.08276253  7.07106781 12.20655562\n",
      "  25.05992817 19.79898987 19.23538406 17.11724277 28.28427125]\n",
      " [ 2.          0.          2.23606798  6.08276253  7.61577311 10.63014581\n",
      "  23.32380758 18.43908891 19.02629759 17.         26.90724809]\n",
      " [ 4.12310563  2.23606798  0.          5.83095189  7.81024968  8.48528137\n",
      "  21.09502311 16.40121947 18.02775638 16.1245155  24.8394847 ]\n",
      " [ 6.08276253  6.08276253  5.83095189  0.          2.23606798  9.05538514\n",
      "  21.84032967 15.26433752 13.15294644 11.04536102 23.60084744]\n",
      " [ 7.07106781  7.61577311  7.81024968  2.23606798  0.         11.\n",
      "  23.53720459 16.55294536 12.64911064 10.44030651 24.69817807]\n",
      " [12.20655562 10.63014581  8.48528137  9.05538514 11.          0.\n",
      "  13.          8.06225775 13.89244399 12.80624847 16.40121947]\n",
      " [25.05992817 23.32380758 21.09502311 21.84032967 23.53720459 13.\n",
      "   0.          8.24621125 20.24845673 20.61552813  8.24621125]\n",
      " [19.79898987 18.43908891 16.40121947 15.26433752 16.55294536  8.06225775\n",
      "   8.24621125  0.         12.08304597 12.36931688  8.48528137]\n",
      " [19.23538406 19.02629759 18.02775638 13.15294644 12.64911064 13.89244399\n",
      "  20.24845673 12.08304597  0.          2.23606798 17.02938637]\n",
      " [17.11724277 17.         16.1245155  11.04536102 10.44030651 12.80624847\n",
      "  20.61552813 12.36931688  2.23606798  0.         18.24828759]\n",
      " [28.28427125 26.90724809 24.8394847  23.60084744 24.69817807 16.40121947\n",
      "   8.24621125  8.48528137 17.02938637 18.24828759  0.        ]]\n",
      "Shuffled Points:  [3, 4, 10, 9, 0, 7, 5, 8, 2, 6, 1]\n",
      "Cost matrix:\n",
      "[[ 0.          2.          4.12310563  6.08276253  7.07106781 12.20655562\n",
      "  25.05992817 19.79898987 19.23538406 17.11724277 28.28427125]\n",
      " [ 2.          0.          2.23606798  6.08276253  7.61577311 10.63014581\n",
      "  23.32380758 18.43908891 19.02629759 17.         26.90724809]\n",
      " [ 4.12310563  2.23606798  0.          5.83095189  7.81024968  8.48528137\n",
      "  21.09502311 16.40121947 18.02775638 16.1245155  24.8394847 ]\n",
      " [ 6.08276253  6.08276253  5.83095189  0.          2.23606798  9.05538514\n",
      "  21.84032967 15.26433752 13.15294644 11.04536102 23.60084744]\n",
      " [ 7.07106781  7.61577311  7.81024968  2.23606798  0.         11.\n",
      "  23.53720459 16.55294536 12.64911064 10.44030651 24.69817807]\n",
      " [12.20655562 10.63014581  8.48528137  9.05538514 11.          0.\n",
      "  13.          8.06225775 13.89244399 12.80624847 16.40121947]\n",
      " [25.05992817 23.32380758 21.09502311 21.84032967 23.53720459 13.\n",
      "   0.          8.24621125 20.24845673 20.61552813  8.24621125]\n",
      " [19.79898987 18.43908891 16.40121947 15.26433752 16.55294536  8.06225775\n",
      "   8.24621125  0.         12.08304597 12.36931688  8.48528137]\n",
      " [19.23538406 19.02629759 18.02775638 13.15294644 12.64911064 13.89244399\n",
      "  20.24845673 12.08304597  0.          2.23606798 17.02938637]\n",
      " [17.11724277 17.         16.1245155  11.04536102 10.44030651 12.80624847\n",
      "  20.61552813 12.36931688  2.23606798  0.         18.24828759]\n",
      " [28.28427125 26.90724809 24.8394847  23.60084744 24.69817807 16.40121947\n",
      "   8.24621125  8.48528137 17.02938637 18.24828759  0.        ]]\n",
      "Shuffled Points:  [0, 9, 4, 2, 7, 3, 8, 10, 6, 5, 1]\n",
      "Cost matrix:\n",
      "[[ 0.          2.          4.12310563  6.08276253  7.07106781 12.20655562\n",
      "  25.05992817 19.79898987 19.23538406 17.11724277 28.28427125]\n",
      " [ 2.          0.          2.23606798  6.08276253  7.61577311 10.63014581\n",
      "  23.32380758 18.43908891 19.02629759 17.         26.90724809]\n",
      " [ 4.12310563  2.23606798  0.          5.83095189  7.81024968  8.48528137\n",
      "  21.09502311 16.40121947 18.02775638 16.1245155  24.8394847 ]\n",
      " [ 6.08276253  6.08276253  5.83095189  0.          2.23606798  9.05538514\n",
      "  21.84032967 15.26433752 13.15294644 11.04536102 23.60084744]\n",
      " [ 7.07106781  7.61577311  7.81024968  2.23606798  0.         11.\n",
      "  23.53720459 16.55294536 12.64911064 10.44030651 24.69817807]\n",
      " [12.20655562 10.63014581  8.48528137  9.05538514 11.          0.\n",
      "  13.          8.06225775 13.89244399 12.80624847 16.40121947]\n",
      " [25.05992817 23.32380758 21.09502311 21.84032967 23.53720459 13.\n",
      "   0.          8.24621125 20.24845673 20.61552813  8.24621125]\n",
      " [19.79898987 18.43908891 16.40121947 15.26433752 16.55294536  8.06225775\n",
      "   8.24621125  0.         12.08304597 12.36931688  8.48528137]\n",
      " [19.23538406 19.02629759 18.02775638 13.15294644 12.64911064 13.89244399\n",
      "  20.24845673 12.08304597  0.          2.23606798 17.02938637]\n",
      " [17.11724277 17.         16.1245155  11.04536102 10.44030651 12.80624847\n",
      "  20.61552813 12.36931688  2.23606798  0.         18.24828759]\n",
      " [28.28427125 26.90724809 24.8394847  23.60084744 24.69817807 16.40121947\n",
      "   8.24621125  8.48528137 17.02938637 18.24828759  0.        ]]\n",
      "Shuffled Points:  [7, 9, 2, 6, 5, 1, 3, 0, 4, 10, 8]\n",
      "Cost matrix:\n",
      "[[ 0.          2.          4.12310563  6.08276253  7.07106781 12.20655562\n",
      "  25.05992817 19.79898987 19.23538406 17.11724277 28.28427125]\n",
      " [ 2.          0.          2.23606798  6.08276253  7.61577311 10.63014581\n",
      "  23.32380758 18.43908891 19.02629759 17.         26.90724809]\n",
      " [ 4.12310563  2.23606798  0.          5.83095189  7.81024968  8.48528137\n",
      "  21.09502311 16.40121947 18.02775638 16.1245155  24.8394847 ]\n",
      " [ 6.08276253  6.08276253  5.83095189  0.          2.23606798  9.05538514\n",
      "  21.84032967 15.26433752 13.15294644 11.04536102 23.60084744]\n",
      " [ 7.07106781  7.61577311  7.81024968  2.23606798  0.         11.\n",
      "  23.53720459 16.55294536 12.64911064 10.44030651 24.69817807]\n",
      " [12.20655562 10.63014581  8.48528137  9.05538514 11.          0.\n",
      "  13.          8.06225775 13.89244399 12.80624847 16.40121947]\n",
      " [25.05992817 23.32380758 21.09502311 21.84032967 23.53720459 13.\n",
      "   0.          8.24621125 20.24845673 20.61552813  8.24621125]\n",
      " [19.79898987 18.43908891 16.40121947 15.26433752 16.55294536  8.06225775\n",
      "   8.24621125  0.         12.08304597 12.36931688  8.48528137]\n",
      " [19.23538406 19.02629759 18.02775638 13.15294644 12.64911064 13.89244399\n",
      "  20.24845673 12.08304597  0.          2.23606798 17.02938637]\n",
      " [17.11724277 17.         16.1245155  11.04536102 10.44030651 12.80624847\n",
      "  20.61552813 12.36931688  2.23606798  0.         18.24828759]\n",
      " [28.28427125 26.90724809 24.8394847  23.60084744 24.69817807 16.40121947\n",
      "   8.24621125  8.48528137 17.02938637 18.24828759  0.        ]]\n",
      "Shuffled Points:  [2, 7, 9, 8, 6, 10, 4, 0, 1, 5, 3]\n",
      "Cost matrix:\n",
      "[[ 0.          2.          4.12310563  6.08276253  7.07106781 12.20655562\n",
      "  25.05992817 19.79898987 19.23538406 17.11724277 28.28427125]\n",
      " [ 2.          0.          2.23606798  6.08276253  7.61577311 10.63014581\n",
      "  23.32380758 18.43908891 19.02629759 17.         26.90724809]\n",
      " [ 4.12310563  2.23606798  0.          5.83095189  7.81024968  8.48528137\n",
      "  21.09502311 16.40121947 18.02775638 16.1245155  24.8394847 ]\n",
      " [ 6.08276253  6.08276253  5.83095189  0.          2.23606798  9.05538514\n",
      "  21.84032967 15.26433752 13.15294644 11.04536102 23.60084744]\n",
      " [ 7.07106781  7.61577311  7.81024968  2.23606798  0.         11.\n",
      "  23.53720459 16.55294536 12.64911064 10.44030651 24.69817807]\n",
      " [12.20655562 10.63014581  8.48528137  9.05538514 11.          0.\n",
      "  13.          8.06225775 13.89244399 12.80624847 16.40121947]\n",
      " [25.05992817 23.32380758 21.09502311 21.84032967 23.53720459 13.\n",
      "   0.          8.24621125 20.24845673 20.61552813  8.24621125]\n",
      " [19.79898987 18.43908891 16.40121947 15.26433752 16.55294536  8.06225775\n",
      "   8.24621125  0.         12.08304597 12.36931688  8.48528137]\n",
      " [19.23538406 19.02629759 18.02775638 13.15294644 12.64911064 13.89244399\n",
      "  20.24845673 12.08304597  0.          2.23606798 17.02938637]\n",
      " [17.11724277 17.         16.1245155  11.04536102 10.44030651 12.80624847\n",
      "  20.61552813 12.36931688  2.23606798  0.         18.24828759]\n",
      " [28.28427125 26.90724809 24.8394847  23.60084744 24.69817807 16.40121947\n",
      "   8.24621125  8.48528137 17.02938637 18.24828759  0.        ]]\n",
      "Shuffled Points:  [5, 6, 4, 7, 10, 0, 1, 2, 8, 9, 3]\n",
      "Cost matrix:\n",
      "[[ 0.          2.          4.12310563  6.08276253  7.07106781 12.20655562\n",
      "  25.05992817 19.79898987 19.23538406 17.11724277 28.28427125]\n",
      " [ 2.          0.          2.23606798  6.08276253  7.61577311 10.63014581\n",
      "  23.32380758 18.43908891 19.02629759 17.         26.90724809]\n",
      " [ 4.12310563  2.23606798  0.          5.83095189  7.81024968  8.48528137\n",
      "  21.09502311 16.40121947 18.02775638 16.1245155  24.8394847 ]\n",
      " [ 6.08276253  6.08276253  5.83095189  0.          2.23606798  9.05538514\n",
      "  21.84032967 15.26433752 13.15294644 11.04536102 23.60084744]\n",
      " [ 7.07106781  7.61577311  7.81024968  2.23606798  0.         11.\n",
      "  23.53720459 16.55294536 12.64911064 10.44030651 24.69817807]\n",
      " [12.20655562 10.63014581  8.48528137  9.05538514 11.          0.\n",
      "  13.          8.06225775 13.89244399 12.80624847 16.40121947]\n",
      " [25.05992817 23.32380758 21.09502311 21.84032967 23.53720459 13.\n",
      "   0.          8.24621125 20.24845673 20.61552813  8.24621125]\n",
      " [19.79898987 18.43908891 16.40121947 15.26433752 16.55294536  8.06225775\n",
      "   8.24621125  0.         12.08304597 12.36931688  8.48528137]\n",
      " [19.23538406 19.02629759 18.02775638 13.15294644 12.64911064 13.89244399\n",
      "  20.24845673 12.08304597  0.          2.23606798 17.02938637]\n",
      " [17.11724277 17.         16.1245155  11.04536102 10.44030651 12.80624847\n",
      "  20.61552813 12.36931688  2.23606798  0.         18.24828759]\n",
      " [28.28427125 26.90724809 24.8394847  23.60084744 24.69817807 16.40121947\n",
      "   8.24621125  8.48528137 17.02938637 18.24828759  0.        ]]\n",
      "Shuffled Points:  [2, 5, 8, 6, 7, 0, 1, 4, 9, 10, 3]\n",
      "Cost matrix:\n",
      "[[ 0.          2.          4.12310563  6.08276253  7.07106781 12.20655562\n",
      "  25.05992817 19.79898987 19.23538406 17.11724277 28.28427125]\n",
      " [ 2.          0.          2.23606798  6.08276253  7.61577311 10.63014581\n",
      "  23.32380758 18.43908891 19.02629759 17.         26.90724809]\n",
      " [ 4.12310563  2.23606798  0.          5.83095189  7.81024968  8.48528137\n",
      "  21.09502311 16.40121947 18.02775638 16.1245155  24.8394847 ]\n",
      " [ 6.08276253  6.08276253  5.83095189  0.          2.23606798  9.05538514\n",
      "  21.84032967 15.26433752 13.15294644 11.04536102 23.60084744]\n",
      " [ 7.07106781  7.61577311  7.81024968  2.23606798  0.         11.\n",
      "  23.53720459 16.55294536 12.64911064 10.44030651 24.69817807]\n",
      " [12.20655562 10.63014581  8.48528137  9.05538514 11.          0.\n",
      "  13.          8.06225775 13.89244399 12.80624847 16.40121947]\n",
      " [25.05992817 23.32380758 21.09502311 21.84032967 23.53720459 13.\n",
      "   0.          8.24621125 20.24845673 20.61552813  8.24621125]\n",
      " [19.79898987 18.43908891 16.40121947 15.26433752 16.55294536  8.06225775\n",
      "   8.24621125  0.         12.08304597 12.36931688  8.48528137]\n",
      " [19.23538406 19.02629759 18.02775638 13.15294644 12.64911064 13.89244399\n",
      "  20.24845673 12.08304597  0.          2.23606798 17.02938637]\n",
      " [17.11724277 17.         16.1245155  11.04536102 10.44030651 12.80624847\n",
      "  20.61552813 12.36931688  2.23606798  0.         18.24828759]\n",
      " [28.28427125 26.90724809 24.8394847  23.60084744 24.69817807 16.40121947\n",
      "   8.24621125  8.48528137 17.02938637 18.24828759  0.        ]]\n",
      "Shuffled Points:  [4, 8, 2, 3, 5, 10, 7, 6, 1, 0, 9]\n",
      "Cost matrix:\n",
      "[[ 0.          2.          4.12310563  6.08276253  7.07106781 12.20655562\n",
      "  25.05992817 19.79898987 19.23538406 17.11724277 28.28427125]\n",
      " [ 2.          0.          2.23606798  6.08276253  7.61577311 10.63014581\n",
      "  23.32380758 18.43908891 19.02629759 17.         26.90724809]\n",
      " [ 4.12310563  2.23606798  0.          5.83095189  7.81024968  8.48528137\n",
      "  21.09502311 16.40121947 18.02775638 16.1245155  24.8394847 ]\n",
      " [ 6.08276253  6.08276253  5.83095189  0.          2.23606798  9.05538514\n",
      "  21.84032967 15.26433752 13.15294644 11.04536102 23.60084744]\n",
      " [ 7.07106781  7.61577311  7.81024968  2.23606798  0.         11.\n",
      "  23.53720459 16.55294536 12.64911064 10.44030651 24.69817807]\n",
      " [12.20655562 10.63014581  8.48528137  9.05538514 11.          0.\n",
      "  13.          8.06225775 13.89244399 12.80624847 16.40121947]\n",
      " [25.05992817 23.32380758 21.09502311 21.84032967 23.53720459 13.\n",
      "   0.          8.24621125 20.24845673 20.61552813  8.24621125]\n",
      " [19.79898987 18.43908891 16.40121947 15.26433752 16.55294536  8.06225775\n",
      "   8.24621125  0.         12.08304597 12.36931688  8.48528137]\n",
      " [19.23538406 19.02629759 18.02775638 13.15294644 12.64911064 13.89244399\n",
      "  20.24845673 12.08304597  0.          2.23606798 17.02938637]\n",
      " [17.11724277 17.         16.1245155  11.04536102 10.44030651 12.80624847\n",
      "  20.61552813 12.36931688  2.23606798  0.         18.24828759]\n",
      " [28.28427125 26.90724809 24.8394847  23.60084744 24.69817807 16.40121947\n",
      "   8.24621125  8.48528137 17.02938637 18.24828759  0.        ]]\n",
      "Shuffled Points:  [9, 8, 6, 7, 10, 5, 0, 4, 1, 2, 3]\n",
      "Final path length: 75.3006209626423\n",
      "The solution is: [0, 3, 4, 9, 8, 10, 6, 7, 5, 2, 1]\n"
     ]
    }
   ],
   "source": [
    "import numpy as np\n",
    "import random\n",
    "\n",
    "def generate_matrix(coordinate):\n",
    "    num_cities = len(coordinate)\n",
    "    matrix = np.zeros((num_cities, num_cities))\n",
    "    for i in range(num_cities):\n",
    "        for j in range(i + 1, num_cities):\n",
    "            distance = np.linalg.norm(coordinate[i] - coordinate[j])\n",
    "            matrix[i][j] = matrix[j][i] = distance\n",
    "    print(\"Cost matrix:\")\n",
    "    print(matrix)\n",
    "    return matrix\n",
    "\n",
    "def solution(matrix):\n",
    "    points = list(range(len(matrix)))\n",
    "    random.shuffle(points)\n",
    "    print(\"Shuffled Points: \", points)\n",
    "    return points\n",
    "\n",
    "def path_length(matrix, solution):\n",
    "    cycle_length = sum(matrix[solution[i]][solution[i - 1]] for i in range(len(solution)))\n",
    "    return cycle_length\n",
    "\n",
    "def generate_neighbors(solution):\n",
    "    neighbors = []\n",
    "    for i in range(len(solution)):\n",
    "        for j in range(i + 1, len(solution)):\n",
    "            neighbor = solution[:]\n",
    "            neighbor[i], neighbor[j] = neighbor[j], neighbor[i]\n",
    "            neighbors.append(neighbor)\n",
    "    return neighbors\n",
    "\n",
    "def best_neighbor(matrix, neighbors):\n",
    "    best_path = path_length(matrix, neighbors[0])\n",
    "    best_neighbor = neighbors[0]\n",
    "    for neighbor in neighbors[1:]:\n",
    "        current_path = path_length(matrix, neighbor)\n",
    "        if current_path < best_path:\n",
    "            best_path = current_path\n",
    "            best_neighbor = neighbor\n",
    "    return best_neighbor, best_path\n",
    "\n",
    "def hill_climbing(coordinate, max_iterations=1000):\n",
    "    matrix = generate_matrix(coordinate)\n",
    "    current_solution = solution(matrix)\n",
    "    current_path = path_length(matrix, current_solution)\n",
    "    \n",
    "    iteration = 0\n",
    "    while iteration < max_iterations:\n",
    "        neighbors = generate_neighbors(current_solution)\n",
    "        best_neighbor_solution, best_neighbor_path = best_neighbor(matrix, neighbors)\n",
    "        \n",
    "        if best_neighbor_path < current_path:\n",
    "            current_solution = best_neighbor_solution\n",
    "            current_path = best_neighbor_path\n",
    "        \n",
    "        iteration += 1\n",
    "    \n",
    "    return current_solution, current_path\n",
    "\n",
    "def random_restart_hill_climbing(coordinate, num_restarts=10, max_iterations=1000):\n",
    "    best_solution = None\n",
    "    best_path = float('inf')\n",
    "    \n",
    "    for _ in range(num_restarts):\n",
    "        current_solution, current_path = hill_climbing(coordinate, max_iterations)\n",
    "        if current_path < best_path:\n",
    "            best_solution = current_solution\n",
    "            best_path = current_path\n",
    "    \n",
    "    return best_solution, best_path\n",
    "\n",
    "coordinate = np.array([[1, 2], [1, 4], [2, 6], [7, 3], [8, 1], [8, 12], [13, 24], [15, 16], [20, 5], [18, 4], [21, 22]])\n",
    "final_solution = random_restart_hill_climbing(coordinate)\n",
    "\n",
    "print(\"Final path length:\", final_solution[1])\n",
    "print(\"The solution is:\", final_solution[0])\n"
   ]
  },
  {
   "cell_type": "markdown",
   "metadata": {},
   "source": [
    "SIMULATED ANNEALING"
   ]
  },
  {
   "cell_type": "code",
   "execution_count": 5,
   "metadata": {},
   "outputs": [
    {
     "name": "stdout",
     "output_type": "stream",
     "text": [
      "Cost matrix:\n",
      "[[ 0.          2.          4.12310563  6.08276253  7.07106781 12.20655562\n",
      "  25.05992817 19.79898987 19.23538406 17.11724277 28.28427125]\n",
      " [ 2.          0.          2.23606798  6.08276253  7.61577311 10.63014581\n",
      "  23.32380758 18.43908891 19.02629759 17.         26.90724809]\n",
      " [ 4.12310563  2.23606798  0.          5.83095189  7.81024968  8.48528137\n",
      "  21.09502311 16.40121947 18.02775638 16.1245155  24.8394847 ]\n",
      " [ 6.08276253  6.08276253  5.83095189  0.          2.23606798  9.05538514\n",
      "  21.84032967 15.26433752 13.15294644 11.04536102 23.60084744]\n",
      " [ 7.07106781  7.61577311  7.81024968  2.23606798  0.         11.\n",
      "  23.53720459 16.55294536 12.64911064 10.44030651 24.69817807]\n",
      " [12.20655562 10.63014581  8.48528137  9.05538514 11.          0.\n",
      "  13.          8.06225775 13.89244399 12.80624847 16.40121947]\n",
      " [25.05992817 23.32380758 21.09502311 21.84032967 23.53720459 13.\n",
      "   0.          8.24621125 20.24845673 20.61552813  8.24621125]\n",
      " [19.79898987 18.43908891 16.40121947 15.26433752 16.55294536  8.06225775\n",
      "   8.24621125  0.         12.08304597 12.36931688  8.48528137]\n",
      " [19.23538406 19.02629759 18.02775638 13.15294644 12.64911064 13.89244399\n",
      "  20.24845673 12.08304597  0.          2.23606798 17.02938637]\n",
      " [17.11724277 17.         16.1245155  11.04536102 10.44030651 12.80624847\n",
      "  20.61552813 12.36931688  2.23606798  0.         18.24828759]\n",
      " [28.28427125 26.90724809 24.8394847  23.60084744 24.69817807 16.40121947\n",
      "   8.24621125  8.48528137 17.02938637 18.24828759  0.        ]]\n",
      "Shuffled Points:  [10, 4, 0, 7, 1, 8, 5, 9, 3, 2, 6]\n",
      "Final path length: 75.30062096264231\n",
      "The solution is: [2, 5, 7, 6, 10, 8, 9, 4, 3, 0, 1]\n"
     ]
    }
   ],
   "source": [
    "import numpy as np\n",
    "import random\n",
    "import math\n",
    "\n",
    "def generate_matrix(coordinate):\n",
    "    num_cities = len(coordinate)\n",
    "    matrix = np.zeros((num_cities, num_cities))\n",
    "    for i in range(num_cities):\n",
    "        for j in range(i + 1, num_cities):\n",
